3,2
3,1
3,3
10,202
10,34
10,171
10,245
10,150
10,103
10,28
10,209
10,3
11,9
11,8
8,18
8,12
8,7
8,13
8,14
8,2
8,3
106,3
106,2
106,1
106,0
102,3
102,2
102,1
102,0
94,3
94,2
94,1
94,0
20,3
20,2
20,1
19,3
19,2
19,1
18,3
18,1
14,3
14,1
13,3
13,1
12,3
2,2
12,2
2,1
12,1
11,30
11,29
11,28
11,27
11,26
2,3
11,25
11,24
11,23
11,22
11,21
11,20
11,19
11,18
11,17
11,16
11,15
11,14
11,13
11,11
11,10
11,7
11,6
11,5
11,4
11,3
11,2
11,1
10,302
10,298
10,296
10,290
10,279
10,269
10,263
10,262
10,259
10,255
10,254
10,251
10,239
